J楼 -310 686 -302 585 -213 610 -220 694 -300 640
G楼 -82 694 -73 555 -16 555 -12 694 -75 630
L楼 18 729 23 679 94 679 94 729 25 710
H楼 28 659 8 559 84 559 93 659 35 615
K楼 119 724 119 634 235 644 169 724 125 685
九食堂 144 619 166 569 226 569 249 616 170 600
化工学院 396 615 396 555 477 560 477 615 410 600
8食堂 -112 518 -112 502 -68 445 -23 502 -60 480
活动中心 -138 427 -148 373 -21 379 -21 427 -101 400
D栋 10 510 10 493 89 503 89 523 50 510
C栋 10 464 10 447 89 457 89 477 50 464
B栋 10 418 10 401 89 411 89 431 50 418
A栋 10 368 10 351 89 361 89 381 50 368
F栋 168 536 168 519 254 529 254 557 200 540
E栋 125 493 125 476 211 486 211 514 157 497
第六学生食堂 172 444 172 359 257 359 257 444 200 400
材料学院 386 527 386 456 470 456 470 527 410 490
冶金学院 472 391 472 332 552 332 552 392 480 360
建筑学院 -300 474 -293 347 -187 347 -203 487 -251 420
艺设楼 -77 -24 -67 -57 45 -100 64 -10 20 -50
逸夫楼 6 16 56 16 90 70 6 70 16 57
图书馆 42 157 42 250 -81 250 -81 192 -60 230
电气楼 -135 23 -175 64 -250 46 -160 -40 -220 40
汇文楼 -250 110 -192 110 -167 292 -263 292 -240 220
小白楼 170 18 170 1 210 3 210 18 175 10
公寓9号楼 120 50 120 40 190 40 190 60 150 45
易享book 120 120 120 100 190 100 190 120 155 110
公寓2号楼 140 170 140 160 176 160 176 175 158 165
1教学楼 282 160 240 85 310 50 350 121 255 105
阶梯教室 360 60 370 20 430 80 390 160 380 80
体育馆 470 160 480 120 520 140 510 180 495 150
创新学院 390 216 430 200 470 235 450 290 410 223
教工1号楼 187 179 187 169 230 170 230 183 208 179
公寓7号楼 200 306 200 287 250 273 245 301 218 287
公寓4号楼 137 257 137 246 174 254 174 263 159 256
公寓6号楼 108 288 108 271 193 277 193 294 140 283