逸夫楼一圈 6
0 0 103 -3 103 107 99 111 0 104 0 0
-3 -3 106 -6 106 107 102 114 -3 107 -3 -3
0 0
艺设楼右 2
103 -6 63 -116
106 -6 66 -117
0 0
图书馆一圈 8
-3 107 -3 121 10 134 60 146 60 272 -90 272 -90 210 -158 210
0 107 0 121 10 131 63 143 63 275 -93 275 -93 216 -158 216
0 0
从起点到最上 6
-3 0 -105 25 -165 113 -150 321 -180 531 -180 711
-3 -3 -107 22 -168 113 -153 321 -183 531 -183 711
0 0
艺设楼和电气楼中间 2
-107 22 -133 -44
-110 22 -136 -42
0 0
汇文楼和电气楼中间 2
-160 103 -250 83
-159 97 -250 77
0 0
汇文楼和建筑楼中间 2
-153 321 -290 321
-153 325 -290 325
0 0
J楼和建筑楼中间 2
-183 531 -290 531
-183 535 -290 535
0 0
图书馆到最右 3
63 209 357 209 462 103
63 215 360 215 463 109
0 0
1教学楼到最上 2
317 215 317 711
323 215 323 711
0 0
冶金院和创新院中间 2
323 430 523 230
323 424 523 223
0 0
G楼和8食堂中间小路 2
-183 531 100 531
-183 536 100 536
0 0
6食堂右边 2
100 213 100 721
105 213 105 721
0 0